0
0
0
1
1
2
4
5
6
7
8
7
4
0
-7
-15
-27
-39
-53
-66
-76
-82
-81
-72
-52
-20
23
79
143
213
282
346
395
423
420
381
299
172
0
-212
-455
-715
-976
-1216
-1410
-1534
-1563
-1473
-1245
-866
-328
366
1207
2175
3241
4370
5521
6647
7702
8640
9418
10002
10363
10486
10363
10002
9418
8640
7702
6647
5521
4370
3241
2175
1207
366
-328
-866
-1245
-1473
-1563
-1534
-1410
-1216
-976
-715
-455
-212
0
172
299
381
420
423
395
346
282
213
143
79
23
-20
-52
-72
-81
-82
-76
-66
-53
-39
-27
-15
-7
0
4
7
8
7
6
5
4
2
1
1
0
0
0
