0
0
0
0
-1
-1
-1
1
3
4
1
-4
-8
-6
3
12
14
3
-14
-25
-17
9
36
39
8
-39
-66
-42
24
88
92
17
-90
-146
-90
56
188
189
31
-187
-293
-173
116
365
356
48
-358
-540
-307
224
663
629
69
-646
-949
-519
414
1164
1081
89
-1147
-1651
-876
766
2074
1902
108
-2142
-3068
-1606
1575
4228
3961
120
-5217
-8012
-4583
5882
20249
32673
37574
32673
20249
5882
-4583
-8012
-5217
120
3961
4228
1575
-1606
-3068
-2142
108
1902
2074
766
-876
-1651
-1147
89
1081
1164
414
-519
-949
-646
69
629
663
224
-307
-540
-358
48
356
365
116
-173
-293
-187
31
189
188
56
-90
-146
-90
17
92
88
24
-42
-66
-39
8
39
36
9
-17
-25
-14
3
14
12
3
-6
-8
-4
1
4
3
1
-1
-1
-1
0
0
0
0
